16 15  1 12  8 25 22  7  5  2 19 14  4 11  9 20 17 18  3  6 13 23 10 24 21 
24  6 25 19 10 17 20 14  9 18 21 13 23  5 12 11 22  7  1  2  3  8 16  4 15 
20 17 13  4  5 21  6 10 23  1 18 15  7 25  3  8 24 12  9 16 11 22 14 19  2 
 9 14  7 21 18 11 12  8 19  3 20  2 16 22 24  4 13 15 23 10  1 17  5  6 25 
 3  2 22 23 11 13 15  4 24 16  8 10  6 17  1 19 14 25 21  5 12  7  9 18 20 
 2 18  4  9  7  6  5 22  1 12 17 11 25 19 13 15 21  3 24 20 16 14 23 10  8 
17  5 23  1 20 16 24 19 25 11 14 12 21  2  8 10  9 13  7 22 18  6  4 15  3 
13 22 19  6 14  7 10 18  2 15 24 16  3 20 23  5 12  4 25  8 21  9 11  1 17 
25  8  3 15 21 14 23 13 17  9 10  1 22 18  4  6 19 16  2 11  7 24 12 20  5 
10 12 16 11 24  3  8 20  4 21  5  7 15  9  6 18 23 14 17  1 25  2 13 22 19 
23 16 14  8  9 24  2  3 13  6  4 20  1 10  7 22 25 21 18 17 15  5 19 12 11 
 5  4 24  2 13  1 17 11 10 22 15  6 18 21 25 12  8 19 16  9 14 20  3  7 23 
 6  7 21 25  1  5  9 23 20 19 12  3  8 14 22  2  4 24 11 15 10 16 17 13 18 
18 19 12 20 17 15  4 21  8  7 11 24  2 13 16 14  3  5 10 23 22 25  6  9  1 
15 10 11  3 22 18 14 12 16 25  9 19  5 23 17  1  7 20  6 13  2  4 21  8 24 
 7  1  9  5 15  8 11  2 12  4 25 22 17  3 10 21 16  6 19 18 24 13 20 23 14 
11 24  2 13  4 20 18  9  3 14 16 23 19  1  5 17 15 10  8 12  6 21 22 25  7 
19 25 10 22  3 23 16 15  6 17 13 21 24  4 20  7  1  2  5 14  8 12 18 11  9 
12 23 18 17  6 10 13  1 21 24  7  8 14 15 11  9 20 22  4 25 19  3  2  5 16 
 8 21 20 14 16 19  7 25 22  5  2  9 12  6 18  3 11 23 13 24  4 15  1 17 10 
21  3 15 10 12  9  1  5 14  8 22  4 11  7  2 24  6 17 20 19 23 18 25 16 13 
 1 13  5 24 19 22  3 16 18 20 23 17 10 12 14 25  2  8 15  4  9 11  7 21  6 
22 11  6 16  2  4 19 17 15 13  1 25 20 24 21 23 18  9 14  7  5 10  8  3 12 
 4 20  8  7 23  2 25  6 11 10  3 18  9 16 15 13  5  1 12 21 17 19 24 14 22 
14  9 17 18 25 12 21 24  7 23  6  5 13  8 19 16 10 11 22  3 20  1 15  2  4
